10,224
10,35
10,92
10,184
10,133
10,107
10,64
10,282
9,6
9,4
8,5
12,3
20,2
20,1
12,2
12,1
11,28
11,27
11,26
11,25
11,24
11,23
20,3
11,22
11,21
11,20
11,19
11,18
11,17
11,16
11,15
11,14
11,13
11,12
11,11
11,10
11,9
11,8
11,7
11,6
11,5
11,4
11,3
11,2
11,1
10,302
10,301
10,300
10,299
10,298
10,297
10,296
10,295
10,294
10,293
10,292
19,2
19,1
10,291
19,3
10,290
10,277
10,276
10,262
10,261
10,260
10,246
10,240
10,192
10,189
10,180
10,172
10,162
10,114
10,86
10,78
10,77
18,1
10,70
18,3
10,29
10,28
10,19
10,17
14,1
10,14
10,3
14,3
10,2
13,1
10,1
9,7
9,5
9,3
9,2
13,3
9,1
8,18
8,17
8,16
8,15
8,13
8,12
8,11
8,10
8,8
8,7
8,6
8,4
